0.000000000000000000e+00,2.504649879972060261e-02,1.886077147317525293e-01,1.296225824816001244e-02,9.077227454777628268e-02,7.162045304927991407e-02
6.796638165244432706e-02,1.923703904502037654e-01,5.950421793119028274e-02,0.000000000000000000e+00,2.642126201665697879e-02,3.755465473250339890e-03
0.000000000000000000e+00,2.115991333453209333e-01,9.001969833897692508e-02,0.000000000000000000e+00,0.000000000000000000e+00,3.988107142731990573e-02
1.422155744661703636e-01,9.802030571957531455e-03,0.000000000000000000e+00,0.000000000000000000e+00,2.050279043743509777e-01,0.000000000000000000e+00
2.151520009076273443e-01,1.080634106248349185e-01,2.248476727543959747e-02,0.000000000000000000e+00,1.502550946291088783e-02,0.000000000000000000e+00
0.000000000000000000e+00,3.979811496825038097e-01,0.000000000000000000e+00,1.389921912855511810e-01,0.000000000000000000e+00,0.000000000000000000e+00
7.281281299123623652e-02,7.444875829407968104e-02,6.728150360785353779e-02,2.447494681242153372e-02,4.133405124636203853e-02,3.532636677009756004e-02
6.748909715733890369e-02,0.000000000000000000e+00,9.588626714847420240e-03,0.000000000000000000e+00,7.539373561683009040e-02,2.036077252297212314e-02
3.901732128777576913e-02,3.193439893310812822e-02,3.106958878420313930e-01,1.571551959540671423e-02,2.185782700748051602e-02,5.499267017021119280e-02
0.000000000000000000e+00,3.751767356287085131e-01,0.000000000000000000e+00,1.684591549694277879e-01,6.861598064765355408e-03,0.000000000000000000e+00
0.000000000000000000e+00,0.000000000000000000e+00,0.000000000000000000e+00,1.592264807863378595e-01,1.542247931992120347e-02,2.459399332824045992e-01
1.519660176643342075e-01,0.000000000000000000e+00,1.351274497020405196e-01,8.392787292490513223e-03,0.000000000000000000e+00,0.000000000000000000e+00
2.229731752404854050e-01,1.172969821779442368e-01,0.000000000000000000e+00,0.000000000000000000e+00,1.602473619743227315e-02,4.864869119723313692e-03
8.580099124286094670e-02,8.389070190285757844e-02,0.000000000000000000e+00,1.984003610375613402e-02,0.000000000000000000e+00,6.217290232956675794e-02
2.565540815668590144e-02,1.753931427037570476e-02,2.797900379056047701e-02,5.705367697512291753e-02,1.218217814058239618e-01,2.034507437059031032e-01
1.732557009452784791e-01,0.000000000000000000e+00,0.000000000000000000e+00,0.000000000000000000e+00,0.000000000000000000e+00,5.850161903682354197e-02
1.647599608408088431e-02,2.796424872955882157e-01,1.000254259708011594e-02,1.055665355604321499e-03,1.976139973179163178e-01,3.415904776317595787e-02
5.782840248321530208e-02,1.124121549208932300e-02,2.218794953880337886e-02,0.000000000000000000e+00,2.894191773283708025e-01,0.000000000000000000e+00
5.828877920881674751e-02,3.055928218645892480e-03,2.420760830598998603e-01,1.044998659413423105e-02,0.000000000000000000e+00,1.587439113574843871e-04
7.621819279123691337e-02,0.000000000000000000e+00,1.848287551960834871e-02,9.168231730013525968e-04,1.843638525263890104e-01,4.392956750244419312e-02
0.000000000000000000e+00,1.252420855554906842e-01,1.187251653580419664e-03,0.000000000000000000e+00,1.741354459408789856e-01,2.472001053263919168e-01
9.837823481707930195e-02,1.788933925299455718e-01,2.634293803366551025e-03,0.000000000000000000e+00,0.000000000000000000e+00,1.781227491148269435e-02
1.861812441713346089e-01,1.102984222715772469e-03,0.000000000000000000e+00,0.000000000000000000e+00,2.578785381387096662e-02,5.934143254822506208e-02
9.756262466920147258e-02,7.979715994267595411e-03,0.000000000000000000e+00,0.000000000000000000e+00,3.396186961823938893e-03,5.172267425891407568e-03
1.638368834767454651e-01,1.028913135927812805e-02,0.000000000000000000e+00,1.763108312682266574e-02,0.000000000000000000e+00,6.993415653723492054e-02
4.818977404801973521e-03,0.000000000000000000e+00,0.000000000000000000e+00,0.000000000000000000e+00,0.000000000000000000e+00,4.765063675154361175e-03
3.105468492512276739e-03,1.675651662515588794e-02,2.518003833689690940e-01,0.000000000000000000e+00,0.000000000000000000e+00,2.884072741916818890e-03
8.063766723123139135e-02,1.274881785226240904e-01,1.259437066614782497e-02,0.000000000000000000e+00,0.000000000000000000e+00,1.218849104653603604e-01
0.000000000000000000e+00,4.784672193254810302e-02,3.760832121004343415e-02,4.755626993136245484e-01,0.000000000000000000e+00,2.213044969833120532e-02
0.000000000000000000e+00,0.000000000000000000e+00,4.219221453071897998e-01,0.000000000000000000e+00,0.000000000000000000e+00,0.000000000000000000e+00
